undirected
(0, 1): 131
(0, 5): 131
(1, 0): 131
(1, 2): 673
(1, 6): 673
(2, 1): 673
(2, 3): 234
(2, 7): 234
(3, 2): 234
(3, 4): 103
(3, 8): 103
(4, 3): 103
(4, 9): 18
(5, 0): 131
(5, 6): 201
(5, 10): 201
(6, 1): 673
(6, 5): 201
(6, 7): 96
(6, 11): 96
(7, 2): 234
(7, 6): 96
(7, 8): 342
(7, 12): 342
(8, 3): 103
(8, 7): 342
(8, 9): 965
(8, 13): 965
(9, 4): 18
(9, 8): 965
(9, 14): 150
(10, 5): 201
(10, 11): 630
(10, 15): 630
(11, 6): 96
(11, 10): 630
(11, 12): 803
(11, 16): 803
(12, 7): 342
(12, 11): 803
(12, 13): 746
(12, 17): 746
(13, 8): 965
(13, 12): 746
(13, 14): 422
(13, 18): 422
(14, 9): 150
(14, 13): 422
(14, 19): 111
(15, 10): 630
(15, 16): 537
(15, 20): 537
(16, 11): 803
(16, 15): 537
(16, 17): 699
(16, 21): 699
(17, 12): 746
(17, 16): 699
(17, 18): 497
(17, 22): 497
(18, 13): 422
(18, 17): 497
(18, 19): 121
(18, 23): 121
(19, 14): 111
(19, 18): 121
(19, 24): 956
(20, 15): 537
(20, 21): 805
(21, 16): 699
(21, 20): 805
(21, 22): 732
(22, 17): 497
(22, 21): 732
(22, 23): 524
(23, 18): 121
(23, 22): 524
(23, 24): 37
(24, 19): 956
(24, 23): 37
(24, 25): 331
(25, 24): 331